-0.137
-0.132
-0.127
-0.121
-0.116
-0.111
-0.106
-0.101
-0.096
-0.091
-0.086
-0.081
-0.076
-0.071
-0.066
-0.061
-0.056
-0.051
-0.046
-0.041
-0.035
-0.030
-0.025
-0.020
-0.015
-0.010
-0.005

0.005
0.010
0.015
0.020
0.025
0.030
0.035
0.040
0.046
0.051
0.056
0.061
0.066
0.071
0.076
0.081
0.086
0.091
0.096
0.101
0.106
0.111
0.116
0.121
0.127
0.132
0.137
0.142
0.147
0.152
0.157
0.162
0.167
0.172
0.177
0.182
0.187
0.192
0.197
0.202
0.208
0.213
0.218
0.223
0.228
0.233
0.238
0.243
0.248
0.253
0.258
0.263
0.268
0.273
0.278
0.283
0.289
0.294
0.299
0.304
0.309
0.314
0.319
0.324
0.329
0.334
0.339
0.344
0.349
0.354
0.359
0.364
0.369
0.375
0.380
0.385
0.390
0.395
0.400
0.405
0.410
0.415
0.420
0.425
0.430
0.435
0.440
0.445
0.450
0.456
0.461
0.466
0.471
0.476
0.481
0.486
0.491
0.496
0.501
0.506
0.511
0.516
0.521
0.526
0.531
0.537
0.542
0.547
0.552
0.557
0.562
0.567
0.572
0.577
0.582
0.587
0.592
0.597
0.602
0.607
0.612
0.618
0.623
0.628
0.633
0.638
0.643
0.648
0.653
0.658
0.663
